0(100)
16(3236) 8(3972) 4(2804) 2(1668) 1(941) -> 8

1(941)
17(2973) 9(4069) 5(3225) 3(2287) 0(100) -> 9

2(1668)
18(2692) 10(4100) 6(3556) 0(100) 3(2287) -> 10

3(2287)
19(2399) 11(4071) 7(3803) 1(941) 2(1668) -> 11

4(2804)
20(2100) 12(3988) 0(100) 6(3556) 5(3225) -> 12

5(3225)
21(1801) 13(3857) 1(941) 7(3803) 4(2804) -> 13

6(3556)
22(1508) 14(3684) 2(1668) 4(2804) 7(3803) -> 7

7(3803)
23(1227) 15(3475) 3(2287) 5(3225) 6(3556) local

8(3972)
24(964) 0(100) 12(3988) 10(4100) 9(4069) -> 10

9(4069)
25(725) 1(941) 13(3857) 11(4071) 8(3972) -> 11

10(4100)
26(516) 2(1668) 14(3684) 8(3972) 11(4071) local

11(4071)
27(343) 3(2287) 15(3475) 9(4069) 10(4100) -> 10

12(3988)
28(212) 4(2804) 8(3972) 14(3684) 13(3857) local

13(3857)
29(129) 5(3225) 9(4069) 15(3475) 12(3988) -> 9

14(3684)
30(100) 6(3556) 10(4100) 12(3988) 15(3475) -> 10

15(3475)
31(131) 7(3803) 11(4071) 13(3857) 14(3684) -> 11

16(3236)
0(100) 24(964) 20(2100) 18(2692) 17(2973) local

17(2973)
1(941) 25(725) 21(1801) 19(2399) 16(3236) -> 16

18(2692)
2(1668) 26(516) 22(1508) 16(3236) 19(2399) -> 16

19(2399)
3(2287) 27(343) 23(1227) 17(2973) 18(2692) -> 17

20(2100)
4(2804) 28(212) 16(3236) 22(1508) 21(1801) -> 16

21(1801)
5(3225) 29(129) 17(2973) 23(1227) 20(2100) -> 5

22(1508)
6(3556) 30(100) 18(2692) 20(2100) 23(1227) -> 6

23(1227)
7(3803) 31(131) 19(2399) 21(1801) 22(1508) -> 7

24(964)
8(3972) 16(3236) 28(212) 26(516) 25(725) -> 8

25(725)
9(4069) 17(2973) 29(129) 27(343) 24(964) -> 9

26(516)
10(4100) 18(2692) 30(100) 24(964) 27(343) -> 10

27(343)
11(4071) 19(2399) 31(131) 25(725) 26(516) -> 11

28(212)
12(3988) 20(2100) 24(964) 30(100) 29(129) -> 12

29(129)
13(3857) 21(1801) 25(725) 31(131) 28(212) -> 13

30(100)
14(3684) 22(1508) 26(516) 28(212) 31(131) -> 14

31(131)
15(3475) 23(1227) 27(343) 29(129) 30(100) -> 15


0(100) -> 16
1(941) -> 17
2(1668) -> 18
3(2287) -> 19
4(2804) -> 12
5(3225) -> 13
6(3556) -> 14
7(3803) local
8(3972) -> 12
9(4069) -> 11
10(4100) local
11(4071) -> 10
12(3988) local
13(3857) -> 9
14(3684) -> 10
15(3475) -> 7
16(3236) local
17(2973) -> 16
18(2692) -> 16
19(2399) -> 17
20(2100) -> 4
21(1801) -> 5
22(1508) -> 6
23(1227) -> 7
24(964) -> 8
25(725) -> 9
26(516) -> 10
27(343) -> 11
28(212) -> 12
29(129) -> 13
30(100) -> 14
31(131) -> 15